200
113 694
238 960
521 651
169 298
107 612
929 175
382 957
919 1
771 222
827 456
412 208
940 695
582 337
582 454
841 189
990 274
492 715
508 562
452 80
405 714
120 613
192 5
346 826
766 481
84 975
223 557
831 132
696 553
444 236
48 878
427 88
773 77
280 763
949 480
10 411
576 642
389 905
156 319
67 318
851 183
111 682
69 5
90 20
807 511
277 93
620 647
80 849
531 460
283 46
750 315
191 996
531 671
289 923
15 130
485 888
406 987
547 757
317 980
825 180
638 486
845 45
760 857
881 381
510 131
83 180
630 826
271 96
149 47
974 508
497 612
821 897
692 427
867 17
454 817
952 824
584 52
694 638
462 756
191 498
990 450
48 184
839 925
808 875
342 673
381 909
862 92
578 614
5 694
326 686
495 9
670 70
71 439
150 822
249 750
653 920
279 439
324 488
161 684
639 407
51 106
227 779
898 55
540 211
668 635
964 395
988 203
458 944
558 534
323 955
177 403
193 274
717 772
841 924
907 328
886 669
249 561
10 178
926 139
772 768
37 756
599 181
11 204
76 377
533 880
100 800
831 431
16 93
677 782
307 733
924 239
948 546
943 910
12 573
799 143
620 271
501 214
832 487
176 973
566 208
516 675
154 527
332 711
610 816
562 456
214 561
585 957
509 828
166 679
293 838
901 19
713 613
478 827
43 163
623 627
251 179
59 776
935 711
326 273
741 789
806 439
834 461
798 177
532 213
988 51
696 250
146 876
959 592
418 67
397 463
25 438
735 941
746 692
678 335
996 304
461 263
874 31
220 890
2 750
261 304
505 866
844 496
980 980
548 913
802 63
837 50
586 837
904 50
188 593
395 788
52 148
100 397
264 188
207 715
166 684
224 610
847 620
143 667
381 752
952 188
142 599
